[0][0][0][0] [0][0][0][0] [0][0][0][0] [0][0][0][0] 
[0][0][0][0] [0][0][0][0] [0][0][0][0] [0][0][0][0] 
[0][0][0][0] [0][0][0][0] [0][0][0][0] [0][0][0][0] 
[0][0][0][0] [0][0][0][0] [0][0][0][0] [0][0][0][0] 
[0][0][0][0] [0][0][0][0] [0][0][0][0] [0][0][0][0] 
[0][0][0][0] [0][0][0][0] [0][0][0][0] [0][0][0][0] 
[0][0][0][0] [0][0][0][0] [0][0][0][0] [0][0][0][0] 
[0][0][0][0] [0][0][0][0] [0][0][0][0] [0][0][0][0] 
[0][0][0][0] [0][0][0][0] [0][0][0][0] [0][0][0][0] 
[0][0][0][0] [0][0][0][0] [0][0][0][0] [0][0][0][0] 
[0][0][0][0] [0][0][0][0] [0][0][0][0] [0][0][0][0] 
[0][0][0][0] [0][0][0][0] [0][0][0][0] [0][0][0][0] 
[0][0][0][0] [0][0][0][0] [0][0][0][0] [0][0][0][0] 
[0][0][0][0] [0][0][0][0] [0][0][0][0] [0][0][0][0] 
[0][0][0][0] [0][0][0][0] [0][0][0][0] [0][0][0][0] 
[0][0][0][0] [0][0][0][0] [0][0][0][0] [0][0][0][0] 
[0][0][0][0] [0][0][0][0] [0][0][0][0] [0][0][0][0] 
[0][0][0][0] [0][0][0][0] [0][0][0][0] [0][0][0][0] 
[0][0][0][0] [0][0][0][0] [0][0][0][0] [0][0][0][0] 
[0][0][0][0] [0][0][0][0] [0][0][0][0] [0][0][0][0] 
[0][0][0][0] [0][0][0][0] [0][0][0][0] [0][0][0][0] 
[0][0][0][0] [0][0][0][0] [0][0][0][0] [0][0][0][0] 


[0][1][2][3] [4][5][6][7] [8][9][10][11] [12][13][14][15] 
[12][13][14][15] [16][17][18][19] [8][9][10][11] [20][21][22][23] 
[24][25][26][27] [36][37][38][39] [28][29][30][31] [32][33][34][35] 
[32][33][34][35] [36][37][38][39] [40][41][42][43] [44][45][46][47] 
[48][49][50][51] [60][61][62][63] [52][53][54][55] [56][57][58][59] 
[60][61][62][63] [64][65][66][67] [56][57][58][59] [68][69][70][71] 
[72][73][74][75] [76][77][78][79] [80][81][82][83] [84][85][86][87] 
[80][81][82][83] [84][85][86][87] [88][89][90][91] [92][93][94][95] 
[96][97][98][99] [108][109][110][111] [100][101][102][103] [104][105][106][107] 
[108][109][110][111] [112][113][114][115] [104][105][106][107] [116][117][118][119] 
[120][121][122][123] [124][125][126][127] [128][129][130][131] [132][133][134][135] 
[128][129][130][131] [132][133][134][135] [136][137][138][139] [140][141][142][143] 
[144][145][146][147] [156][157][158][159] [148][149][150][151] [152][153][154][155] 
[156][157][158][159] [160][161][162][163] [152][153][154][155] [164][165][166][167] 
[168][169][170][171] [172][173][174][175] [176][177][178][179] [180][181][182][183] 
[176][177][178][179] [180][181][182][183] [184][185][186][187] [188][189][190][191] 
[192][193][194][195] [204][205][206][207] [196][197][198][199] [200][201][202][203] 
[204][205][206][207] [208][209][210][211] [200][201][202][203] [212][213][214][215] 
[216][217][218][219] [220][221][222][223] [224][225][226][227] [228][229][230][231] 
[224][225][226][227] [228][229][230][231] [232][233][234][235] [236][237][238][239] 
[240][241][242][243] [252][253][254][255] [244][245][246][247] [248][249][250][251] 
[252][253][254][255] [64][0][0][0] [188][253][254][255] [0][0][0][0] 

CMD_TEST2
[0][0][0][1][0][2][0][3] [0][4][0][5][0][6][0][7] [0][8][0][9][0][A][0][B] [0][C][0][D][0][E][0][F] 
[0][C][0][D][0][E][0][F] [1][0][1][1][1][2][1][3] [0][8][0][9][0][A][0][B] [1][4][1][5][1][6][1][7] 
[1][8][1][9][1][A][1][B] [2][4][2][5][2][6][2][7] [1][C][1][D][1][E][1][F] [2][0][2][1][2][2][2][3] 
[2][0][2][1][2][2][2][3] [2][4][2][5][2][6][2][7] [2][8][2][9][2][A][2][B] [2][C][2][D][2][E][2][F] 
[3][0][3][1][3][2][3][3] [3][C][3][D][3][E][3][F] [3][4][3][5][3][6][3][7] [3][8][3][9][3][A][3][B] 
[3][C][3][D][3][E][3][F] [4][0][4][1][4][2][4][3] [3][8][3][9][3][A][3][B] [4][4][4][5][4][6][4][7] 
[4][8][4][9][4][A][4][B] [4][C][4][D][4][E][4][F] [5][0][5][1][5][2][5][3] [5][4][5][5][5][6][5][7] 
[5][0][5][1][5][2][5][3] [5][4][5][5][5][6][5][7] [5][8][5][9][5][A][5][B] [5][C][5][D][5][E][5][F] 
[6][0][6][1][6][2][6][3] [6][C][6][D][6][E][6][F] [6][4][6][5][6][6][6][7] [6][8][6][9][6][A][6][B] 
[6][C][6][D][6][E][6][F] [7][0][7][1][7][2][7][3] [6][8][6][9][6][A][6][B] [7][4][7][5][7][6][7][7] 
[7][8][7][9][7][A][7][B] [7][C][7][D][7][E][7][F] [8][0][8][1][8][2][8][3] [8][4][8][5][8][6][8][7] 
[8][0][8][1][8][2][8][3] [8][4][8][5][8][6][8][7] [8][8][8][9][8][A][8][B] [8][C][8][D][8][E][8][F] 
[9][0][9][1][9][2][9][3] [9][C][9][D][9][E][9][F] [9][4][9][5][9][6][9][7] [9][8][9][9][9][A][9][B] 
[9][C][9][D][9][E][9][F] [A][0][A][1][A][2][A][3] [9][8][9][9][9][A][9][B] [A][4][A][5][A][6][A][7] 
[A][8][A][9][A][A][A][B] [A][C][A][D][A][E][A][F] [B][0][B][1][B][2][B][3] [B][4][B][5][B][6][B][7] 
[B][0][B][1][B][2][B][3] [B][4][B][5][B][6][B][7] [B][8][B][9][B][A][B][B] [B][C][B][D][B][E][B][F] 
[C][0][C][1][C][2][C][3] [C][C][C][D][C][E][C][F] [C][4][C][5][C][6][C][7] [C][8][C][9][C][A][C][B] 
[C][C][C][D][C][E][C][F] [D][0][D][1][D][2][D][3] [C][8][C][9][C][A][C][B] [D][4][D][5][D][6][D][7] 
[D][8][D][9][D][A][D][B] [D][C][D][D][D][E][D][F] [E][0][E][1][E][2][E][3] [E][4][E][5][E][6][E][7] 
[E][0][E][1][E][2][E][3] [E][4][E][5][E][6][E][7] [E][8][E][9][E][A][E][B] [E][C][E][D][E][E][E][F] 
[F][0][F][1][F][2][F][3] [F][C][F][D][F][E][F][F] [F][4][F][5][F][6][F][7] [F][8][F][9][F][A][F][B] 
[F][C][F][D][F][E][F][F] [4][0][0][0][0][0][0][0] [B][C][F][D][F][E][F][F] [0][0][0][0][0][0][0][0] 
0
1
2
3
4
5
6
7
8
9
10
11
12
13
14
15
12
13
14
15
16
17
18
19
8
9
10
11
20
21
22
23
24
25
26
27
36
37
38
39
28
29
30
31
32
33
34
35
32
33
34
35
36
37
38
39
40
41
42
43
44
45
46
47
48
49
50
51
60
61
62
63
52
53
54
55
56
57
58
59
60
61
62
63
64
65
66
67
56
57
58
59
68
69
70
71
72
73
74
75
76
77
78
79
80
81
82
83
84
85
86
87
80
81
82
83
84
85
86
87
88
89
90
91
92
93
94
95
96
97
98
99
108
109
110
111
100
101
102
103
104
105
106
107
108
109
110
111
112
113
114
115
104
105
106
107
116
117
118
119
120
121
122
123
124
125
126
127
128
129
130
131
132
133
134
135
128
129
130
131
132
133
134
135
136
137
138
139
140
141
142
143
144
145
146
147
156
157
158
159
148
149
150
151
152
153
154
155
156
157
158
159
160
161
162
163
152
153
154
155
164
165
166
167
168
169
170
171
172
173
174
175
176
177
178
179
180
181
182
183
176
177
178
179
180
181
182
183
184
185
186
187
188
189
190
191


[0][0][0][0] [0][0][0][0] [0][0][0][0] [0][0][0][0] 
[0][0][0][0] [0][0][0][0] [0][0][0][0] [0][0][0][0] 
[0][0][0][0] [0][0][0][0] [0][0][0][0] [0][0][0][0] 
[0][0][0][0] [0][0][0][0] [0][0][0][0] [0][0][0][0] 
[0][0][0][0] [0][0][0][0] [0][0][0][0] [0][0][0][0] 
[0][0][0][0] [0][0][0][0] [0][0][0][0] [0][0][0][0] 
[0][0][0][0] [0][0][0][0] [0][0][0][0] [0][0][0][0] 
[0][0][0][0] [0][0][0][0] [0][0][0][0] [0][0][0][0] 
[0][0][0][0] [0][0][0][0] [0][0][0][0] [0][0][0][0] 
[0][0][0][0] [0][0][0][0] [0][0][0][0] [0][0][0][0] 
[0][0][0][0] [0][0][0][0] [0][0][0][0] [0][0][0][0] 
[0][0][0][0] [0][0][0][0] [0][0][0][0] [0][0][0][0] 
[0][0][0][0] [0][0][0][0] [0][0][0][0] [0][0][0][0] 
[0][0][0][0] [0][0][0][0] [0][0][0][0] [0][0][0][0] 
[0][0][0][0] [0][0][0][0] [0][0][0][0] [0][0][0][0] 
[0][0][0][0] [0][0][0][0] [0][0][0][0] [0][0][0][0] 
[0][0][0][0] [0][0][0][0] [0][0][0][0] [0][0][0][0] 
[0][0][0][0] [0][0][0][0] [0][0][0][0] [0][0][0][0] 
[0][0][0][0] [0][0][0][0] [0][0][0][0] [0][0][0][0] 
[0][0][0][0] [0][0][0][0] [0][0][0][0] [0][0][0][0] 
[0][0][0][0] [0][0][0][0] [0][0][0][0] [0][0][0][0] 
[0][0][0][0] [0][0][0][0] [0][0][0][0] [0][0][0][0] 


[0][1][2][3] [4][5][6][7] [8][9][10][11] [12][13][14][15] 
[12][13][14][15] [16][17][18][19] [8][9][10][11] [20][21][22][23] 
[24][25][26][27] [36][37][38][39] [28][29][30][31] [32][33][34][35] 
[32][33][34][35] [36][37][38][39] [40][41][42][43] [44][45][46][47] 
[48][49][50][51] [60][61][62][63] [52][53][54][55] [56][57][58][59] 
[60][61][62][63] [64][65][66][67] [56][57][58][59] [68][69][70][71] 
[72][73][74][75] [76][77][78][79] [80][81][82][83] [84][85][86][87] 
[80][81][82][83] [84][85][86][87] [88][89][90][91] [92][93][94][95] 
[96][97][98][99] [108][109][110][111] [100][101][102][103] [104][105][106][107] 
[108][109][110][111] [112][113][114][115] [104][105][106][107] [116][117][118][119] 
[120][121][122][123] [124][125][126][127] [128][129][130][131] [132][133][134][135] 
[128][129][130][131] [132][133][134][135] [136][137][138][139] [140][141][142][143] 
[144][145][146][147] [156][157][158][159] [148][149][150][151] [152][153][154][155] 
[156][157][158][159] [160][161][162][163] [152][153][154][155] [164][165][166][167] 
[168][169][170][171] [172][173][174][175] [176][177][178][179] [180][181][182][183] 
[176][177][178][179] [180][181][182][183] [184][185][186][187] [188][189][190][191] 
[192][193][194][195] [204][205][206][207] [196][197][198][199] [200][201][202][203] 
[204][205][206][207] [208][209][210][211] [200][201][202][203] [212][213][214][215] 
[216][217][218][219] [220][221][222][223] [224][225][226][227] [228][229][230][231] 
[224][225][226][227] [228][229][230][231] [232][233][234][235] [236][237][238][239] 
[240][241][242][243] [252][253][254][255] [244][245][246][247] [248][249][250][251] 
[252][253][254][255] [64][0][0][0] [188][253][254][255] [0][0][0][0] 

CMD_TEST2
[0][0][0][1][0][2][0][3] [0][4][0][5][0][6][0][7] [0][8][0][9][0][A][0][B] [0][C][0][D][0][E][0][F] 
[0][C][0][D][0][E][0][F] [1][0][1][1][1][2][1][3] [0][8][0][9][0][A][0][B] [1][4][1][5][1][6][1][7] 
[1][8][1][9][1][A][1][B] [2][4][2][5][2][6][2][7] [1][C][1][D][1][E][1][F] [2][0][2][1][2][2][2][3] 
[2][0][2][1][2][2][2][3] [2][4][2][5][2][6][2][7] [2][8][2][9][2][A][2][B] [2][C][2][D][2][E][2][F] 
[3][0][3][1][3][2][3][3] [3][C][3][D][3][E][3][F] [3][4][3][5][3][6][3][7] [3][8][3][9][3][A][3][B] 
[3][C][3][D][3][E][3][F] [4][0][4][1][4][2][4][3] [3][8][3][9][3][A][3][B] [4][4][4][5][4][6][4][7] 
[4][8][4][9][4][A][4][B] [4][C][4][D][4][E][4][F] [5][0][5][1][5][2][5][3] [5][4][5][5][5][6][5][7] 
[5][0][5][1][5][2][5][3] [5][4][5][5][5][6][5][7] [5][8][5][9][5][A][5][B] [5][C][5][D][5][E][5][F] 
[6][0][6][1][6][2][6][3] [6][C][6][D][6][E][6][F] [6][4][6][5][6][6][6][7] [6][8][6][9][6][A][6][B] 
[6][C][6][D][6][E][6][F] [7][0][7][1][7][2][7][3] [6][8][6][9][6][A][6][B] [7][4][7][5][7][6][7][7] 
[7][8][7][9][7][A][7][B] [7][C][7][D][7][E][7][F] [8][0][8][1][8][2][8][3] [8][4][8][5][8][6][8][7] 
[8][0][8][1][8][2][8][3] [8][4][8][5][8][6][8][7] [8][8][8][9][8][A][8][B] [8][C][8][D][8][E][8][F] 
[9][0][9][1][9][2][9][3] [9][C][9][D][9][E][9][F] [9][4][9][5][9][6][9][7] [9][8][9][9][9][A][9][B] 
[9][C][9][D][9][E][9][F] [A][0][A][1][A][2][A][3] [9][8][9][9][9][A][9][B] [A][4][A][5][A][6][A][7] 
[A][8][A][9][A][A][A][B] [A][C][A][D][A][E][A][F] [B][0][B][1][B][2][B][3] [B][4][B][5][B][6][B][7] 
[B][0][B][1][B][2][B][3] [B][4][B][5][B][6][B][7] [B][8][B][9][B][A][B][B] [B][C][B][D][B][E][B][F] 
[C][0][C][1][C][2][C][3] [C][C][C][D][C][E][C][F] [C][4][C][5][C][6][C][7] [C][8][C][9][C][A][C][B] 
[C][C][C][D][C][E][C][F] [D][0][D][1][D][2][D][3] [C][8][C][9][C][A][C][B] [D][4][D][5][D][6][D][7] 
[D][8][D][9][D][A][D][B] [D][C][D][D][D][E][D][F] [E][0][E][1][E][2][E][3] [E][4][E][5][E][6][E][7] 
[E][0][E][1][E][2][E][3] [E][4][E][5][E][6][E][7] [E][8][E][9][E][A][E][B] [E][C][E][D][E][E][E][F] 
[F][0][F][1][F][2][F][3] [F][C][F][D][F][E][F][F] [F][4][F][5][F][6][F][7] [F][8][F][9][F][A][F][B] 
[F][C][F][D][F][E][F][F] [4][0][0][0][0][0][0][0] [B][C][F][D][F][E][F][F] [0][0][0][0][0][0][0][0] 
Ligne : 0
Ligne : 1
Ligne : 2
Ligne : 3
Ligne : 4
Ligne : 5
Ligne : 6
Ligne : 7
Ligne : 8
Ligne : 9
Ligne : 10
Ligne : 11
Ligne : 12
Ligne : 13
Ligne : 14
Ligne : 15
Ligne : 16
Ligne : 17
Ligne : 18
Ligne : 19
Ligne : 20
Ligne : 21
Ligne : 22
Ligne : 23
Ligne : 24
Ligne : 25
Ligne : 26
Ligne : 27
Ligne : 28
Ligne : 29
Ligne : 30
Ligne : 31
Ligne : 32
Ligne : 33
Ligne : 34
Ligne : 35
Ligne : 36
Ligne : 37
Ligne : 38
Ligne : 39
Ligne : 40
Ligne : 41
Ligne : 42
Ligne : 43
Ligne : 44
Ligne : 45
Ligne : 46
Ligne : 47
Ligne : 48
Ligne : 49
Ligne : 50
Ligne : 51
Ligne : 52
Ligne : 53
Ligne : 54
Ligne : 55
Ligne : 56
Ligne : 57
Ligne : 58
Ligne : 59
Ligne : 60
Ligne : 61
Ligne : 62
Ligne : 63
Ligne : 64
Ligne : 65
Ligne : 66
Ligne : 67
Ligne : 68
Ligne : 69
Ligne : 70
Ligne : 71
Ligne : 72
Ligne : 73
Ligne : 74
Ligne : 75
Ligne : 76
Ligne : 77
Ligne : 78
Ligne : 79
Ligne : 80
Ligne : 81
Ligne : 82
Ligne : 83
0
1
2
3
4
5
6
7
8
9
10
11
12
13
14
15
12
13
14
15
16
17
18
19
8
9
10
11
20
21
22
23
24
25
26
27
36
37
38
39
28
29
30
31
32
33
34
35
32
33
34
35
36
37
38
39
40
41
42
43
44
45
46
47
48
49
50
51
60
61
62
63
52
53
54
55
56
57
58
59
60
61
62
63
64
65
66
67
56
57
58
59
68
69
70
71
72
73
74
75
76
77
78
79
80
81
82
83
84
85
86
87
80
81
82
83
84
85
86
87
88
89
90
91
92
93
94
95
96
97
98
99
108
109
110
111
100
101
102
103
104
105
106
107
108
109
110
111
112
113
114
115
104
105
106
107
116
117
118
119
120
121
122
123
124
125
126
127
128
129
130
131
132
133
134
135
128
129
130
131
132
133
134
135
136
137
138
139
140
141
142
143
144
145
146
147
156
157
158
159
148
149
150
151
152
153
154
155
156
157
158
159
160
161
162
163
152
153
154
155
164
165
166
167
168
169
170
171
172
173
174
175
176
177
178
179
180
181
182
183
176
177
178
179
180
181
182
183
184
185
186
187
188
189
190
191


